1 1.21E+00
2 1.45E+00
3 1.85E+00
4 2.40E+00
5 3.08E+00
6 3.89E+00
7 4.79E+00
8 5.77E+00
9 6.82E+00
10  7.90E+00
11  8.99E+00
12  1.01E+01
13  1.11E+01
14  1.21E+01
15  1.31E+01
16  1.39E+01
17  1.47E+01
18  1.53E+01
19  1.58E+01
20  1.62E+01
21  1.65E+01
22  1.66E+01
23  1.66E+01
24  1.65E+01
25  1.63E+01
26  1.59E+01
27  1.55E+01
28  1.50E+01
29  1.44E+01
30  1.37E+01
31  1.30E+01
32  1.23E+01
33  1.16E+01
34  1.08E+01
35  1.01E+01
36  9.33E+00
37  8.62E+00
38  7.95E+00
39  7.33E+00
40  6.75E+00
41  6.22E+00
42  5.76E+00
43  5.35E+00
44  5.00E+00
45  4.72E+00
46  4.49E+00
47  4.32E+00
48  4.20E+00
49  4.14E+00
50  4.12E+00
51  4.15E+00
52  4.21E+00
53  4.31E+00
54  4.44E+00
55  4.58E+00
56  4.75E+00
57  4.93E+00
58  5.12E+00
59  5.31E+00
60  5.51E+00
61  5.70E+00
62  5.88E+00
63  6.05E+00
64  6.22E+00
65  6.36E+00
66  6.50E+00
67  6.61E+00
68  6.71E+00
69  6.78E+00
70  6.84E+00
71  6.88E+00
72  6.90E+00
73  6.90E+00
74  6.89E+00
75  6.86E+00
76  6.81E+00
77  6.75E+00
78  6.67E+00
79  6.58E+00
80  6.48E+00
81  6.37E+00
82  6.26E+00
83  6.13E+00
84  6.00E+00
85  5.86E+00
86  5.73E+00
87  5.58E+00
88  5.44E+00
89  5.29E+00
90  5.15E+00
91  5.00E+00
92  4.85E+00
93  4.71E+00
94  4.57E+00
95  4.43E+00
96  4.29E+00
97  4.16E+00
98  4.02E+00
99  3.90E+00
100 3.77E+00
101 3.65E+00
102 3.53E+00
103 3.42E+00
104 3.31E+00
105 3.20E+00
106 3.10E+00
107 3.01E+00
108 2.91E+00
109 2.83E+00
110 2.74E+00
111 2.67E+00
112 2.60E+00
113 2.53E+00
114 2.47E+00
115 2.42E+00
116 2.37E+00
117 2.34E+00
118 2.30E+00
119 2.28E+00
120 2.26E+00
121 2.25E+00
122 2.25E+00
123 2.25E+00
124 2.26E+00
125 2.28E+00
126 2.30E+00
127 2.34E+00
128 2.38E+00
129 2.42E+00
130 2.47E+00
131 2.53E+00
132 2.60E+00
133 2.66E+00
134 2.73E+00
135 2.81E+00
136 2.89E+00
137 2.97E+00
138 3.05E+00
139 3.14E+00
140 3.22E+00
141 3.30E+00
142 3.39E+00
143 3.47E+00
144 3.54E+00
145 3.62E+00
146 3.69E+00
147 3.76E+00
148 3.82E+00
149 3.88E+00
150 3.93E+00
151 3.97E+00
152 4.01E+00
153 4.04E+00
154 4.07E+00
155 4.09E+00
156 4.10E+00
157 4.11E+00
158 4.11E+00
159 4.10E+00
160 4.09E+00
161 4.08E+00
162 4.06E+00
163 4.04E+00
164 4.01E+00
165 3.98E+00
166 3.95E+00
167 3.91E+00
168 3.88E+00
169 3.85E+00
170 3.81E+00
171 3.78E+00
172 3.75E+00
173 3.72E+00
174 3.69E+00
175 3.67E+00
176 3.65E+00
177 3.64E+00
178 3.63E+00
179 3.62E+00
180 3.62E+00
